点：

POINT(114.3123096125275300 30.6506221395211790)
 
线：

LINESTRING (114.3123096125275300 30.6506221395211790, 114.3128350000000100 30.6493539999999990, 114.3129780000000000 30.6490070000000010, 114.3132495214308500 30.6484053581175080, 114.3135242294945900 30.6479591401582920, 114.3138191441159100 30.6475215580229520, 114.3138711494713800 30.6474654125333790, 114.3138739487225600 30.6474449979709500, 114.3141094191290700 30.6471160543351470, 114.3144069288491400 30.6468121235419880, 114.3150104349644400 30.6463579795692350, 114.3154103777125200 30.6461370480228370, 114.3154292412011000 30.6461368973830160, 114.3154935201677900 30.6460911194710590, 114.3157850135058000 30.6459008961190270, 114.3162260542326400 30.6455982758722170)


面（多边形）：

 POLYGON ((114.3300813131578900 30.6606608828947350, 114.3301176027255700 30.6607581064379670, 114.3307402630908500 30.6625419200781800, 114.3308244000000000 30.6627574000000000, 114.3311526678571400 30.6636585636748120, 114.3311840827067700 30.6637463085996240, 114.3312138283426100 30.6638213895120690, 114.3313158688427100 30.6640929406795380, 114.3313283385552400 30.6641261251993380, 114.3314222039941800 30.6643827573036490, 114.3315814262638000 30.6648323061644490, 114.3318947578947300 30.6656808184210480, 114.3320669336911400 30.6661413236368040, 114.3322294389097800 30.6665794676456760, 114.3322623289187700 30.6666670000000000, 114.3324333825422100 30.6671125997446090, 114.3327391184994600 30.6678064968271440, 114.3331768785956900 30.6688652712473870, 114.3332616718819100 30.6690185316420490, 114.3333652656249800 30.6691423109963390, 114.3334232889390600 30.6691959401805900, 114.3334740629929200 30.6692246005520520, 114.3340296256720700 30.6695105185188870, 114.3340362522832300 30.6695210384957980, 114.3341115414487200 30.6695526761244790, 114.3341854380426400 30.6695192472657330, 114.3341938799086800 30.6695050064897570, 114.3346379169717400 30.6692479324006300, 114.3351710794757300 30.6690326067558130, 114.3365774061148700 30.6684646407264410, 114.3374948443939200 30.6680940652844140, 114.3394164371861600 30.6673178876224990, 114.3399930000000100 30.6670850000000000, 114.3400690000000000 30.6670540000000000, 114.3403142952152600 30.6669549439902380, 114.3410273391107500 30.6666670000000000, 114.3416440000000000 30.6664679999999980, 114.3417784673397600 30.6664277846075170, 114.3422408022795200 30.6662894522688350, 114.3425309401236400 30.6662106648563370, 114.3426807791630900 30.6661705395976010, 114.3431203611568600 30.6660636340271290, 114.3432234729212100 30.6660460710342980, 114.3436423728376800 30.6659205674728990, 114.3433193777985100 30.6650264703824650, 114.3432275083955300 30.6649314330690320, 114.3430580251865600 30.6648854983675390, 114.3427855848880600 30.6649837035914210, 114.3426411327949700 30.6646144264183530, 114.3416061776165400 30.6617768028305730, 114.3410571168880900 30.6603191194806900, 114.3403963004361400 30.6583075164578460, 114.3399748024629000 30.6574280970122890, 114.3385644783597900 30.6551734972555930, 114.3379036619078400 30.6540559400206800, 114.3370533466204100 30.6527537428947810, 114.3368298351734200 30.6523747452238130, 114.3346773227600900 30.6489783430185800, 114.3345607080921000 30.6487548315715980, 114.3336520854706700 30.6474040450007020, 114.3328697954062400 30.6461650141533010, 114.3326657197372500 30.6458248880383270, 114.3325928355697600 30.6455382103128500, 114.3321069411197900 30.6449259833058960, 114.3316453413923300 30.6442943205209450, 114.3316161877253300 30.6441971416309540, 114.3316331940310800 30.6440853859074630, 114.3317085076708300 30.6439979249064680, 114.3321846842317900 30.6437476892647390, 114.3330009869077200 30.6432399295645300, 114.3330860184364600 30.6431694748692860, 114.3328815389487700 30.6428787059209110, 114.3326362815643600 30.6425041310065290, 114.3322680000000000 30.6420090000000020, 114.3317409999999900 30.6412470000000000, 114.3311364472802400 30.6404101813017570, 114.3305320000000100 30.6396009999999990, 114.3302360000000000 30.6392379999999990, 114.3299810000000000 30.6389770000000010, 114.3295320000000000 30.6386740000000020, 114.3280209835121300 30.6378665368284470, 114.3272060601120900 30.6374273031490780, 114.3269630323402600 30.6372868375561860, 114.3268091890718500 30.6371686680891490, 114.3266598050286100 30.6370326617214240, 114.3264440280288500 30.6367549042203640, 114.3262183417366600 30.6363593187205690, 114.3259597066767300 30.6359267738789600, 114.3256487490526300 30.6353775138285730, 114.3251759543348100 30.6346724211280130, 114.3250094039875100 30.6345449714790230, 114.3246482067486300 30.6341302635381010, 114.3243316017614700 30.6334836758882720, 114.3241755288804900 30.6331313970997420, 114.3238844182019100 30.6326445624539440, 114.3237031464627900 30.6319102582903500, 114.3234952101067300 30.6314106841585600, 114.3231501140383300 30.6308164830508570, 114.3227285103124200 30.6303220852418650, 114.3223985276497500 30.6298939996254270, 114.3220016566095000 30.6292741673266280, 114.3216449185958100 30.6287435195312480, 114.3210964338997400 30.6279453182255990, 114.3208288803894700 30.6275439879601880, 114.3203472840709800 30.6268394303831320, 114.3200429419530500 30.6263689821275700, 114.3199090000000000 30.6261680000000000, 114.3198110622441400 30.6260590659781680, 114.3194699315185400 30.6256042250107010, 114.3190797493160600 30.6250222961258560, 114.3186226787360100 30.6244002342144700, 114.3182391853712800 30.6238562087435790, 114.3177843444038200 30.6232229987692650, 114.3172760000000100 30.6225519999999990, 114.3168753241038600 30.6220915963924620, 114.3167100000000000 30.6218779999999990, 114.3164274843385900 30.6215138128659030, 114.3159809852724900 30.6209046065130050, 114.3156731025965100 30.6204331915211410, 114.3154739439601400 30.6201440445444780, 114.3153604272484200 30.6199510661345540, 114.3151788005096700 30.6196861938072080, 114.3144939163489500 30.6186645434017280, 114.3142971540486500 30.6183466966089100, 114.3141685017753600 30.6181272309662520, 114.3140549850636300 30.6179645236794510, 114.3135025370666000 30.6171358516838940, 114.3130371185485500 30.6164433997424010, 114.3127720539895300 30.6160177768506510, 114.3126698096315700 30.6158535997178730, 114.3123301406708700 30.6153440962768000, 114.3122724912157200 30.6152917704171590, 114.3122536789608400 30.6152893843238660, 114.3119427508690600 30.6150669006373090, 114.3117467012345800 30.6149027290123710, 114.3116467646943200 30.6147602108158270, 114.3115717876543200 30.6146532870370440, 114.3115000462933600 30.6145497299420950, 114.3113968740740600 30.6144008030864080, 114.3110470469135400 30.6138000129629080, 114.3106105234567200 30.6129558648146980, 114.3103116493826300 30.6123642006171220, 114.3101329333332200 30.6120387092590710, 114.3099401098591600 30.6119285549295770, 114.3097531098591600 30.6118445549295760, 114.3096392961595300 30.6116730685843410, 114.3096592386190600 30.6114508923826950, 114.3096949922121000 30.6113830549295860, 114.3097634819594900 30.6113009913037040, 114.3097540835719600 30.6109135661539650, 114.3095966501999900 30.6104684097229090, 114.3093876438268800 30.6101209705572080, 114.3091168662676600 30.6096794564089160, 114.3088366270250300 30.6092225145896530, 114.3081957810934500 30.6082649321937980, 114.3080711751130800 30.6080363355630000, 114.3080030000000000 30.6079320000000020, 114.3077592910707900 30.6075605954869550, 114.3070740000000000 30.6065140000000010, 114.3068944963761300 30.6062414594042520, 114.3063743156017600 30.6055010500280990, 114.3056377437689400 30.6043583662698350, 114.3044490000000100 30.6049410000000000, 114.3036521832243300 30.6053063594621870, 114.3032993153216700 30.6047526282918520, 114.3029047401020500 30.6039991021200530, 114.3026566885835400 30.6035253944419100, 114.3023810000000000 30.6030839999999990, 114.3023447847787400 30.6030258355079110, 114.3022027104549200 30.6027982829847820, 114.3021059280707600 30.6026331684555080, 114.3018206630910600 30.6021464952530340, 114.3014467588326700 30.6014784213103890, 114.3012106939336400 30.6010921332938080, 114.3011765461031200 30.6010362550256760, 114.3009690299798300 30.6006966831875640, 114.3005372390827000 30.5999987135355300, 114.3001131845172400 30.5993132492993210, 114.3000597165383400 30.5992295670230200, 114.2997610000000000 30.5986960000000000, 114.2995574711765600 30.5983308723139410, 114.2989539895472300 30.5973857107599660, 114.2983950000000000 30.5964770000000000, 114.2983728245912000 30.5964407447664220, 114.2983238778940800 30.5963611581296250, 114.2980129522582600 30.5957735264547420, 114.2979550000000000 30.5956639999999990, 114.2976210887218100 30.5953451255639060, 114.2970549106287300 30.5947420373300860, 114.2967962229137400 30.5946923643878460, 114.2964979160100700 30.5946350838107750, 114.2957073747652300 30.5944294202171390, 114.2952753010380500 30.5942620743944610, 114.2951254169013700 30.5941928379401420, 114.2946720000000100 30.5940130000000000, 114.2941169201877600 30.5937930656983570, 114.2935539579811900 30.5935513027875600, 114.2932000653925100 30.5933442294894960, 114.2927973063294200 30.5930169877507260, 114.2923407538497600 30.5924841291215120, 114.2918365778755400 30.5915809350645520, 114.2915140000000100 30.5909610000000000, 114.2911074777645300 30.5903909316405310, 114.2903514900155400 30.5894950433748040, 114.2903027912548700 30.5894363843417520, 114.2902838211438000 30.5894311945200170, 114.2900153362363800 30.5891778660186590, 114.2896739026548700 30.5888305132743170, 114.2895270037520800 30.5887151157840300, 114.2893986665788600 30.5886142995939740, 114.2893750000000100 30.5886810000000010, 114.2893510000000000 30.5888540000000010, 114.2893284205521000 30.5890674504179570, 114.2893100278284800 30.5893757212591240, 114.2893185752212400 30.5901507256637080, 114.2893270000000000 30.5906680000000010, 114.2893130000000100 30.5909450000000010, 114.2892814070796400 30.5914962123893840, 114.2892799203539800 30.5915958230088520, 114.2892197079646100 30.5928260884955880, 114.2890570000000000 30.5938289999999990, 114.2888543631114100 30.5941772493206550, 114.2888361274647500 30.5943508472711270, 114.2884389455398700 30.5953697052523490, 114.2882455352112300 30.5959326674589210, 114.2879934110328300 30.5963540256748840, 114.2876350838614600 30.5967045818955440, 114.2874702357353300 30.5968393739801100, 114.2873954003746100 30.5968985180555220, 114.2873252315991700 30.5969652921227430, 114.2872388567675300 30.5970474882103500, 114.2872764004466700 30.5970891805003440, 114.2873263868904100 30.5971362692082990, 114.2876925582031300 30.5974812134114590, 114.2882135879694400 30.5979725420187840, 114.2887316639877800 30.5984448199086500, 114.2888054898680700 30.5985085786234380, 114.2890019077464400 30.5986900598004750, 114.2890972554957000 30.5987868208071950, 114.2893014763342600 30.5989830642692450, 114.2896317710466100 30.5992590752907850, 114.2897118026745200 30.5993237162210190, 114.2904284211074200 30.5999182517129680, 114.2909038031279300 30.6003256271134380, 114.2912753425469100 30.6006906478873300, 114.2925783982917700 30.6017009678171450, 114.2931607179480000 30.6022099835204000, 114.2932280062082000 30.6022685487550380, 114.2933190823795400 30.6023478181153940, 114.2950069196090200 30.6038168497576670, 114.2957453660797700 30.6045653302523560, 114.2960768366788400 30.6049564215328470, 114.2962748199051800 30.6052042748814800, 114.2964721012418900 30.6054525433315340, 114.2965093690416600 30.6054983185697760, 114.2965958924540600 30.6056045934193720, 114.2968934057040400 30.6059700225560470, 114.2970756683345300 30.6062369590714880, 114.2974294934792400 30.6067612609685610, 114.2983048672271900 30.6079931908065140, 114.2983666125088900 30.6080737281304560, 114.2986393259532600 30.6084618639590000, 114.2988996363398100 30.6089363667502210, 114.2991365621500300 30.6092666907640880, 114.2993233656248700 30.6095314505860690, 114.2993849281248700 30.6096127130860650, 114.3006550000000100 30.6113719999999990, 114.3008672411617500 30.6116552673416820, 114.3013748280678900 30.6121601398793390, 114.3028789657755500 30.6138512248357660, 114.3031470207950400 30.6141491248851100, 114.3036585485829600 30.6147637848777090, 114.3040346507516600 30.6151979272553620, 114.3041003830824800 30.6152731599621290, 114.3045170488819200 30.6157405615551820, 114.3049242041542200 30.6161911467232030, 114.3049549033832600 30.6162265355260570, 114.3068568345134400 30.6184142145099930, 114.3069503437498000 30.6185423537109960, 114.3070094437498100 30.6186193068359960, 114.3070713465559700 30.6187063710337950, 114.3073812456273700 30.6191284407430580, 114.3076766327066200 30.6195497413531790, 114.3077346620299200 30.6196298526313770, 114.3080535433185900 30.6200815457016660, 114.3083609965310500 30.6205212037954730, 114.3089530000000000 30.6212599999999990, 114.3090616334585100 30.6214282481201290, 114.3097110788951500 30.6224124868336890, 114.3101074264831600 30.6229727508847450, 114.3103720000000000 30.6233340000000000, 114.3105331646615500 30.6235709680449770, 114.3115000000000000 30.6249970000000000, 114.3121086198110000 30.6258186367448530, 114.3122200000000000 30.6259690000000010, 114.3125893250703800 30.6265257794797420, 114.3126830000000100 30.6266670000000010, 114.3130080000000000 30.6271290000000000, 114.3131943504307100 30.6273953910214940, 114.3132703499997500 30.6275024677734250, 114.3133251406247600 30.6275803443359220, 114.3137591240384700 30.6282027442307800, 114.3139892601015600 30.6285294668942110, 114.3141770000000000 30.6287960000000010, 114.3144514799157000 30.6291838583482030, 114.3145469469295000 30.6293187595783390, 114.3151670009562200 30.6302376711934020, 114.3156918529922200 30.6310154947559920, 114.3159600000000000 30.6314239999999990, 114.3164644137531200 30.6321459083369020, 114.3167960343747300 30.6326253912108830, 114.3168514406247300 30.6327041912108800, 114.3172115656219200 30.6332239361454310, 114.3177755484430100 30.6340837897923990, 114.3179609525079700 30.6343449471285860, 114.3185400000000000 30.6351380000000010, 114.3186166302154900 30.6352390154546230, 114.3188069734910200 30.6354914506525300, 114.3190928885687900 30.6358668285668610, 114.3187238424820400 30.6361507929575300, 114.3184425350202000 30.6362959611927720, 114.3173704954614200 30.6367391942133120, 114.3169234829803400 30.6368669120650520, 114.3162719282091600 30.6369331275639570, 114.3161377254805400 30.6369418346337060, 114.3158562000000000 30.6369601000000000, 114.3153905644299900 30.6368027453657990, 114.3150490478558500 30.6367102944144140, 114.3147345116921100 30.6366251472508960, 114.3144387800911700 30.6365425783138830, 114.3138041096274700 30.6363653768738760, 114.3131528000000000 30.6362232000000000, 114.3127232930007600 30.6361195935405450, 114.3122131469673000 30.6359965351866100, 114.3120099422191900 30.6359560305366930, 114.3118743639190900 30.6359286870139830, 114.3105529269051000 30.6356327554432220, 114.3097559626749300 30.6354305843701300, 114.3092514912651200 30.6352877344642850, 114.3088745132063100 30.6351809865313780, 114.3084238431637500 30.6350533714239720, 114.3079891632970200 30.6349302842146120, 114.3073504199066700 30.6347163930793090, 114.3067311760063500 30.6344740802487470, 114.3064743452566000 30.6343735812597160, 114.3058209517884900 30.6340747196734040, 114.3052833941503900 30.6338113011157100, 114.3048270191653700 30.6335876643709140, 114.3047925163297000 30.6335707569984450, 114.3034304253499300 30.6328511634914480, 114.3028209821150900 30.6326248197900530, 114.3024057895568700 30.6324888084347720, 114.3023846246978500 30.6324924475972370, 114.3023111594090300 30.6324578089035810, 114.3023887783952300 30.6329189589365920, 114.3024309961766200 30.6334279177457280, 114.3024239598797300 30.6337680054292530, 114.3024278399999900 30.6341583300000020, 114.3022333311444600 30.6351400769699820, 114.3021997081339700 30.6353169820574180, 114.3021326982576200 30.6356381394559350, 114.3020800690153000 30.6358619234455250, 114.3020430000000000 30.6360150000000000, 114.3019916224000800 30.6362236719514560, 114.3017555116741900 30.6368522489039670, 114.3016433179794700 30.6370790178371560, 114.3015954194214900 30.6371607114888320, 114.3015491136317600 30.6372533178272980, 114.3013101000051000 30.6375890340457640, 114.3011498715610100 30.6378128826073530, 114.3009943557182200 30.6380862134825560, 114.3008411961760800 30.6383241998480320, 114.3007445878494900 30.6385951744225870, 114.3012959999999900 30.6387290000000010, 114.3013519999999900 30.6387430000000020, 114.3024459857679700 30.6390246276544960, 114.3032644801677400 30.6392121080238660, 114.3033860000000000 30.6392419999999990, 114.3040842438634300 30.6394149393644710, 114.3045549999999900 30.6395370000000010, 114.3047939944014800 30.6395777644879070, 114.3055386850050800 30.6397739703954420, 114.3058800000000000 30.6399149999999980, 114.3063056717345200 30.6400905753825970, 114.3068586156557600 30.6403358327670150, 114.3082632715846900 30.6409467466154730, 114.3091082778032000 30.6413094531846820, 114.3098953479973700 30.6417003556694140, 114.3109611028132800 30.6422845141668460, 114.3111129336820300 30.6423830799111020, 114.3119370178851100 30.6429180598758290, 114.3124504840204700 30.6432655437045160, 114.3128295181600300 30.6434885049630770, 114.3130830000000100 30.6436479999999990, 114.3133222625414600 30.6437549436670590, 114.3145739999999900 30.6442340000000010, 114.3151198818360100 30.6444600687675570, 114.3162260542326400 30.6455982758722170, 114.3157850135058000 30.6459008961190270, 114.3154935201677900 30.6460911194710590, 114.3154292412011000 30.6461368973830160, 114.3154103777125200 30.6461370480228370, 114.3150104349644400 30.6463579795692350, 114.3144069288491400 30.6468121235419880, 114.3141094191290700 30.6471160543351470, 114.3138739487225600 30.6474449979709500, 114.3138711494713800 30.6474654125333790, 114.3138191441159100 30.6475215580229520, 114.3135242294945900 30.6479591401582920, 114.3132495214308500 30.6484053581175080, 114.3129780000000000 30.6490070000000010, 114.3128350000000100 30.6493539999999990, 114.3123096125275300 30.6506221395211790, 114.3126386075823900 30.6507392050915010, 114.3147454748832500 30.6514731241201690, 114.3177922310168700 30.6525645113500860, 114.3180548208954700 30.6526602052238600, 114.3183695170043700 30.6528101687125840, 114.3183828131638800 30.6528279773249540, 114.3184610186566500 30.6528537723880350, 114.3186541023383900 30.6529086181373070, 114.3188246020108500 30.6529779564569010, 114.3190219884150200 30.6530541003585170, 114.3190768213469400 30.6530783573061000, 114.3196217542005400 30.6533194242562070, 114.3198809466636200 30.6534041495344600, 114.3206585240528500 30.6537090490555430, 114.3207699107385900 30.6537621251836820, 114.3210555435461400 30.6538982301713890, 114.3222817830484800 30.6544809113533530, 114.3233210427685500 30.6549374898914560, 114.3243416228615800 30.6553827111197490, 114.3255010000000000 30.6558400000000010, 114.3264389999999900 30.6554679999999990, 114.3277239675517900 30.6548835748774880, 114.3277782096920300 30.6548595739778840, 114.3279254315264400 30.6547944317019340, 114.3279939171413300 30.6549852911053230, 114.3282664804412300 30.6557370901129110, 114.3283794509664100 30.6560486915968760, 114.3289114234187600 30.6574811646542750, 114.3291679940121100 30.6581667723809050, 114.3292645940641700 30.6584249069598660, 114.3293674377819500 30.6586803932800760, 114.3294540994360900 30.6589078801221790, 114.3296014724178500 30.6592603859675100, 114.3297346665413600 30.6596631906015030, 114.3300813131578900 30.6606608828947350))

其它：

多个点 MultiPoint 
多条线 MultiLineString
多个多边形 MultiPolygon